127 31 18 14

0 434 134 256 382 308 240 366 396 182 284 346 252 378 344 292 300 272 350 256 324 344 372 158 294 382 338 292 376 334 364 382 390 374 384 390 342 142 260 296 418 178 374 240 322 248 280 232 312 382 256 272 268 300 390 98 304 390 236 420 268 252 340 364 414 276 386 348 370 336 382 320 362 348 382 406 364 324 362 338 288 304 280 284 402 394 300 190 334 368 284 374 252 284 296 332 292 322 362 406 236 218 286 378 260 372 364 356 374 346 188 304 366 272 302 296 288 142 340 372 406 304 402 422 370 336 260
434 0 330 340 344 304 394 312 222 402 386 276 280 446 346 300 352 260 410 236 310 280 306 334 328 316 350 216 236 350 256 244 248 268 330 256 362 308 360 250 394 314 358 390 312 342 324 334 442 336 410 342 406 386 390 384 350 118 402 224 322 334 304 208 292 366 386 236 326 146 328 350 332 370 326 198 290 362 336 336 264 422 374 326 248 248 292 336 406 366 414 312 232 358 138 350 410 370 102 418 248 406 196 256 204 326 370 450 300 326 294 346 350 436 406 212 404 292 362 332 320 348 294 338 214 324 424
134 330 0 214 328 224 106 314 298 316 390 212 208 292 334 358 362 138 308 244 334 360 276 268 312 374 204 342 362 298 390 248 256 352 284 296 332 276 352 216 328 236 280 366 216 264 204 306 446 374 170 264 358 244 398 232 170 370 370 350 296 284 338 308 366 244 342 240 256 204 374 310 346 410 248 330 402 284 354 268 302 420 344 150 268 272 350 324 334 234 362 350 292 340 260 294 260 236 228 344 102 352 322 244 126 410 386 304 352 300 322 170 276 406 230 296 320 276 356 240 350 252 350 298 252 362 348
256 340 214 0 308 320 320 284 350 342 228 288 284 196 204 204 232 352 94 196 286 262 330 98 354 330 246 310 404 288 244 344 312 138 346 340 302 302 138 314 334 310 228 252 302 332 174 212 312 300 196 212 248 320 334 286 284 222 382 418 208 192 280 312 328 248 256 296 332 280 324 324 320 236 206 300 360 290 302 154 368 206 244 206 206 296 402 300 234 252 188 142 362 224 352 336 284 396 304 370 178 380 230 340 296 340 370 360 314 268 328 304 284 352 360 316 232 256 282 296 288 308 332 340 240 322 404
382 344 328 308 0 386 268 400 418 348 98 390 248 280 356 188 340 368 298 326 258 114 198 228 414 402 344 340 388 346 276 240 362 170 346 372 280 338 374 310 344 360 186 378 354 374 382 332 344 252 326 284 292 244 204 284 418 318 324 414 338 322 330 228 272 262 288 252 340 342 158 260 272 322 292 288 326 384 358 304 366 400 250 260 368 350 304 268 340 182 340 228 272 260 354 394 328 308 292 324 280 304 304 398 348 360 328 414 218 214 374 344 138 374 98 390 304 376 304 292 350 326 216 354 130 240 236
308 304 224 320 386 0 118 326 376 402 320 350 358 410 198 398 324 340 308 256 276 380 348 272 300 304 216 182 280 260 288 342 298 346 358 344 328 248 284 394 328 362 264 204 228 272 304 158 390 344 332 386 320 252 214 376 288 244 342 324 288 212 252 334 304 344 238 336 360 288 404 322 308 300 276 370 386 394 328 302 292 328 304 310 114 186 312 352 110 308 308 394 332 256 218 306 368 248 202 430 326 256 296 256 304 370 406 446 264 304 350 212 422 378 288 308 332 166 300 380 328 386 276 310 406 296 366
240 394 106 320 268 118 0 208 258 338 340 318 292 328 228 336 256 244 226 224 294 300 382 278 308 372 98 248 398 302 318 256 306 292 240 386 394 290 402 304 284 340 310 322 110 370 310 200 376 330 276 370 344 342 332 338 264 276 384 344 354 322 346 366 260 322 298 294 242 276 384 204 294 342 204 364 296 320 358 368 352 394 334 256 208 294 366 278 228 340 292 324 332 374 336 188 354 130 320 418 208 272 252 138 232 336 426 328 358 386 264 276 382 372 170 222 412 284 272 262 310 358 394 192 358 350 308
366 312 314 284 400 326 208 0 284 328 338 178 394 292 288 300 252 448 190 280 326 364 324 208 308 366 110 232 344 392 366 354 388 260 286 302 378 382 390 316 206 358 322 310 318 302 370 322 202 272 306 322 332 340 434 420 304 330 422 332 220 114 336 388 346 342 142 192 434 282 326 384 336 382 216 354 146 414 316 258 362 352 366 282 220 306 374 396 216 348 284 288 340 252 398 200 394 338 210 316 288 284 304 304 256 260 352 364 236 284 402 318 306 288 302 374 324 320 284 314 240 384 256 90 386 276 420
396 222 298 350 418 376 258 284 0 298 338 110 302 366 272 248 130 396 268 184 264 304 362 252 154 264 296 288 386 296 182 316 372 288 194 204 338 352 396 122 338 218 372 348 260 350 298 282 428 342 244 138 396 338 338 332 236 262 446 280 228 170 226 190 302 316 240 184 350 94 318 316 312 318 286 194 406 350 206 354 240 370 378 266 364 196 240 338 272 240 260 366 378 324 316 254 326 304 314 414 196 272 228 248 212 328 284 420 292 396 326 296 298 316 428 336 182 288 310 328 246 296 438 202 346 306 328
182 402 316 342 348 402 338 328 298 0 322 332 430 378 204 232 374 454 276 346 300 312 190 340 350 426 240 344 380 334 294 228 352 204 260 288 296 324 302 406 334 304 294 228 322 318 426 412 130 220 430 386 348 182 276 280 374 354 270 350 328 378 190 308 332 402 322 166 448 256 300 250 350 402 320 308 182 438 334 326 430 280 98 256 320 358 118 358 320 298 182 374 410 264 434 150 284 354 300 224 324 344 336 340 316 390 352 410 376 378 370 400 280 454 412 328 346 324 280 346 272 358 292 268 342 324 438
284 386 390 228 98 320 340 338 338 322 0 352 346 302 310 90 338 386 200 228 198 212 240 130 386 362 308 292 398 248 374 142 390 268 320 354 264 240 276 346 248 342 284 280 334 328 402 244 390 228 228 244 222 340 106 186 320 268 334 416 240 224 232 326 332 280 296 334 324 244 256 288 262 386 202 338 228 400 334 342 364 434 224 330 370 292 252 342 284 264 294 298 340 256 410 296 230 210 300 226 346 338 206 304 264 382 336 378 316 312 276 368 236 360 196 362 264 378 316 390 364 228 118 402 228 338 334
346 276 212 288 390 350 318 178 110 332 352 0 216 256 354 354 240 350 244 244 154 334 262 232 220 244 288 248 434 384 292 284 288 288 130 252 264 326 400 232 332 256 288 340 300 334 212 342 380 382 134 248 286 252 396 380 126 158 356 340 260 280 264 248 370 354 320 224 264 204 358 206 336 366 256 304 324 368 316 256 334 410 386 314 284 228 350 348 382 350 150 342 410 296 374 364 216 240 358 304 110 338 338 296 322 366 174 468 402 316 326 186 284 380 368 252 146 292 274 344 356 384 410 268 260 272 242
252 280 208 284 248 358 292 394 302 430 346 216 0 316 358 260 272 346 314 174 264 362 340 272 316 364 308 260 426 302 268 288 292 362 226 318 368 110 404 348 386 370 342 260 288 342 208 200 392 240 340 324 236 248 328 302 342 162 204 362 366 340 364 252 382 358 346 298 260 208 252 354 138 310 252 272 312 346 234 358 230 446 370 246 292 260 340 328 354 300 254 216 348 272 280 356 432 336 362 440 106 208 268 154 292 348 336 334 386 386 212 378 280 240 346 256 324 344 178 280 296 256 246 400 118 228 228
378 446 292 196 280 410 328 292 366 378 302 256 316 0 212 212 240 430 102 318 408 166 202 220 380 406 380 354 392 378 302 382 222 334 354 344 310 280 334 300 342 356 412 340 290 356 312 334 480 258 122 334 306 234 238 472 374 352 186 416 248 314 334 280 296 370 332 276 364 312 332 324 218 230 344 352 384 416 342 244 182 362 318 328 340 288 328 280 394 260 196 200 450 346 308 400 406 404 344 328 210 278 414 358 352 324 384 454 378 358 382 430 162 274 296 412 354 250 382 328 340 336 340 286 298 368 398
344 346 334 204 356 198 228 288 272 204 310 354 358 212 0 220 248 388 110 232 302 308 276 268 228 352 326 292 340 210 90 280 314 196 280 296 304 298 312 238 130 318 286 236 118 386 378 208 334 358 334 220 280 386 386 426 380 228 392 328 280 174 370 318 268 356 308 366 382 276 334 212 220 302 392 354 304 234 130 250 252 324 106 350 312 342 322 154 182 268 204 208 418 286 266 348 354 348 296 232 378 328 344 366 324 332 328 336 296 364 336 288 266 344 374 322 338 298 374 336 296 268 348 378 306 358 252
292 300 358 204 188 398 336 300 248 232 90 354 260 212 220 0 248 418 110 244 288 302 206 220 366 324 398 380 308 264 310 232 346 240 338 264 318 150 186 262 158 380 330 264 320 382 358 240 362 318 318 334 276 380 196 276 358 358 244 434 274 314 322 392 394 312 340 244 378 154 346 368 256 302 292 390 318 386 350 252 350 376 134 240 410 256 300 252 358 268 204 208 430 312 320 376 320 300 378 260 256 248 288 290 352 388 262 288 386 366 252 316 326 280 286 452 342 304 346 330 324 138 208 346 306 366 268
300 352 362 232 340 324 256 252 130 374 338 240 272 240 248 248 0 410 138 314 382 312 292 330 276 394 310 354 442 386 276 280 350 170 324 334 254 382 276 252 378 326 260 256 366 264 280 412 344 332 362 268 342 320 412 398 332 256 364 186 350 244 272 198 334 376 110 314 288 224 284 418 288 330 204 154 276 254 336 280 336 320 276 378 368 294 370 344 346 296 232 236 312 220 312 320 372 386 308 402 326 392 232 118 342 328 182 390 366 334 330 270 234 396 426 296 312 158 280 288 362 386 376 332 334 296 458
272 260 138 352 368 340 244 448 396 454 386 350 346 430 388 418 410 0 446 354 436 362 414 256 360 312 342 350 450 406 390 378 382 352 364 434 448 292 378 322 466 204 352 374 354 382 342 370 326 360 308 302 356 326 402 226 308 252 386 404 366 350 326 248 376 106 340 378 394 342 430 354 398 478 246 300 424 228 392 320 248 438 458 288 382 336 368 346 340 350 396 462 380 310 122 432 318 374 362 368 240 256 376 380 264 272 486 430 284 424 292 308 362 406 368 158 214 276 450 378 432 280 332 436 390 308 378
350 410 308 94 298 308 226 190 268 276 200 244 314 102 110 110 138 446 0 290 370 268 236 192 338 334 288 354 392 276 200 280 324 232 252 306 208 260 232 282 240 358 310 240 228 302 268 306 392 318 224 260 204 336 306 380 272 316 288 324 302 284 370 336 284 342 230 346 306 264 312 280 226 192 300 292 336 344 240 142 284 266 216 300 300 348 390 206 292 158 94 98 350 318 340 378 342 322 386 342 272 358 312 256 284 426 320 398 276 256 362 328 240 258 348 410 326 236 280 226 372 248 238 280 196 306 362
256 236 244 196 326 256 224 280 184 346 228 244 174 318 232 244 314 354 290 0 90 340 268 98 240 190 264 184 354 200 276 240 282 314 274 200 330 188 334 208 268 228 224 280 114 256 294 98 320 336 196 212 314 210 154 316 294 282 282 342 208 166 200 372 264 248 300 180 346 90 312 180 198 240 238 226 360 276 234 258 298 366 314 270 338 192 236 304 268 248 278 334 284 224 286 354 284 312 220 402 192 286 224 328 118 324 362 332 284 338 290 414 294 318 342 276 232 320 284 352 316 292 346 282 236 126 306
324 310 334 286 258 276 294 326 264 300 198 154 264 408 302 288 382 436 370 90 0 372 324 188 330 280 244 94 424 268 330 200 192 224 258 288 240 278 390 298 178 240 134 370 184 334 232 188 258 284 286 264 240 300 244 226 280 192 308 372 200 212 110 282 216 338 334 270 288 180 348 90 288 330 240 228 352 366 174 348 388 350 330 264 248 282 310 394 288 316 304 272 374 314 376 334 354 326 310 424 264 376 314 330 208 370 272 352 324 364 316 336 350 388 252 286 300 370 194 354 240 366 316 338 326 216 296
344 280 360 262 114 380 300 364 304 312 212 334 362 166 308 302 312 362 268 340 372 0 312 324 426 288 254 302 312 394 342 330 334 284 360 324 332 312 386 226 402 252 300 376 386 398 374 352 432 348 226 350 336 130 318 380 450 204 218 300 332 418 380 114 280 350 360 312 402 374 272 292 384 210 268 402 440 398 390 336 252 414 364 370 268 358 304 154 454 296 362 304 304 358 240 344 366 396 178 412 272 380 272 342 280 394 328 364 324 262 336 366 214 406 130 298 190 292 418 406 236 268 330 348 244 316 268
372 306 276 330 198 348 382 324 362 190 240 262 340 202 276 206 292 414 236 268 324 312 0 338 348 402 296 366 190 350 366 244 376 300 300 372 220 356 392 240 146 260 382 308 320 288 262 272 320 344 324 224 296 372 134 426 388 370 388 374 308 308 334 426 406 358 182 356 398 358 356 356 420 374 276 370 320 308 314 292 358 340 288 352 390 314 292 376 360 122 142 280 316 292 402 340 374 344 252 414 364 368 346 406 150 418 364 474 240 406 444 292 336 388 296 378 370 284 244 336 312 324 358 390 222 332 434
158 334 268 98 228 272 278 208 252 340 130 232 272 220 268 220 330 256 192 98 188 324 338 0 256 232 318 212 366 216 322 272 350 216 312 298 314 204 236 216 366 212 306 182 204 354 272 114 260 356 98 114 330 308 236 256 276 310 298 372 110 94 182 400 334 150 228 270 430 188 386 278 296 256 304 260 262 272 204 252 292 304 312 244 304 290 334 218 196 216 286 240 312 126 374 408 186 340 318 304 276 292 322 336 216 252 344 398 216 240 306 370 366 334 326 330 134 280 262 304 358 324 248 298 242 224 322
294 328 312 354 414 300 308 308 154 350 386 220 316 380 228 366 276 360 338 240 330 426 348 256 0 342 292 352 382 244 138 304 302 244 90 358 362 216 360 276 358 218 334 194 232 384 214 142 410 388 258 276 330 308 352 258 312 276 310 126 292 300 248 344 382 254 166 184 228 248 260 326 250 284 260 130 408 256 324 234 290 368 324 274 380 350 394 348 264 292 248 378 378 276 348 382 312 178 248 356 210 118 276 368 328 272 394 428 410 348 178 406 284 162 438 272 328 292 336 264 364 346 400 286 360 352 300
382 316 374 330 402 304 372 366 264 426 362 244 364 406 352 324 394 312 334 190 280 288 402 232 342 0 314 300 312 336 344 368 412 238 352 276 228 340 358 300 390 208 314 336 304 134 304 288 312 268 320 178 240 330 338 404 220 398 406 434 194 300 386 402 338 306 288 260 342 170 354 358 240 356 208 324 394 354 268 312 224 402 344 306 316 118 316 198 324 280 342 346 250 178 350 404 310 242 374 398 272 356 304 342 272 304 318 434 382 292 376 412 374 470 418 326 98 240 232 308 398 312 374 362 334 224 390
338 350 204 246 344 216 98 110 296 240 308 288 308 380 326 398 310 342 288 264 244 254 296 318 292 314 0 150 382 350 300 244 370 194 290 354 296 272 328 206 308 256 212 308 208 284 288 294 312 232 328 284 268 244 408 310 238 240 366 370 256 224 248 330 236 324 200 196 340 286 330 302 226 436 106 356 198 304 374 288 268 370 300 286 110 196 334 366 304 296 194 374 312 284 364 90 328 228 248 320 202 174 236 236 146 264 354 254 260 288 334 208 310 274 246 320 328 210 174 222 212 278 308 94 352 280 384
292 216 342 310 340 182 248 232 288 344 292 248 260 354 292 380 354 350 354 184 94 302 366 212 352 300 150 0 330 312 236 224 228 244 272 378 146 316 296 212 272 310 154 314 272 240 138 282 352 374 232 326 190 252 338 194 374 98 402 394 106 118 204 188 122 302 252 178 292 268 296 184 304 390 252 264 348 424 268 336 330 256 350 268 228 342 334 428 220 244 260 296 308 334 314 240 300 350 312 364 240 324 350 236 276 276 296 280 240 402 284 326 256 368 346 192 312 276 284 300 146 330 292 244 378 310 332
376 236 362 404 388 280 398 344 386 380 398 434 426 392 340 308 442 450 392 354 424 312 190 366 382 312 382 330 0 296 340 282 378 300 362 182 272 410 402 326 336 346 324 264 458 178 348 392 450 312 400 374 284 438 324 416 308 354 472 256 274 272 336 426 324 344 372 268 358 292 402 380 288 296 358 422 438 394 432 356 284 446 372 272 360 340 372 186 170 312 332 354 264 316 374 384 398 408 134 450 394 316 228 342 236 426 274 320 394 358 326 458 382 326 438 368 398 284 378 352 388 170 336 370 402 450 436
334 350 298 288 346 260 302 392 296 334 248 384 302 378 210 264 386 406 276 200 268 394 350 216 244 336 350 312 296 0 300 106 280 376 334 312 326 192 312 312 256 256 358 232 192 312 360 102 258 214 314 158 312 378 316 384 264 232 198 370 206 310 196 322 342 300 354 318 370 290 304 178 244 244 402 304 340 386 248 134 338 296 316 228 334 366 216 240 326 228 370 338 342 342 332 260 354 232 330 422 316 290 382 268 228 440 358 238 346 248 294 378 320 322 340 326 350 330 350 318 382 126 324 420 336 326 294
364 256 390 244 276 288 318 366 182 294 374 292 268 302 90 310 276 390 200 276 330 342 366 322 138 344 300 236 340 300 0 264 268 106 190 296 382 222 222 304 220 302 196 252 208 358 320 280 280 268 332 310 302 394 426 396 354 138 316 254 342 264 354 228 358 392 224 276 356 186 244 302 130 392 302 264 394 324 220 340 342 234 196 326 268 252 332 244 272 358 294 298 336 196 298 318 416 258 206 322 288 256 300 276 308 322 338 398 386 310 316 366 356 300 374 232 248 340 334 398 288 248 378 324 302 362 340
382 244 248 344 240 342 256 354 316 228 142 284 288 382 280 232 280 378 280 240 200 330 244 272 304 368 244 224 282 106 264 0 256 370 236 366 220 298 206 212 150 232 332 286 298 260 312 208 358 212 370 224 300 352 248 328 260 126 304 346 308 280 90 216 346 330 340 330 364 256 338 284 342 350 296 208 320 280 314 240 330 340 322 334 228 358 110 346 312 122 334 280 288 338 342 154 276 126 224 368 210 396 276 162 122 334 252 332 240 354 260 292 276 402 338 220 342 324 244 342 276 232 260 336 334 252 400
390 248 256 312 362 298 306 388 372 352 390 288 292 222 314 346 350 382 324 282 192 334 376 350 302 412 370 228 378 280 268 256 0 326 290 300 332 304 372 316 312 252 236 448 196 284 366 286 450 358 324 236 178 334 396 324 414 130 320 370 334 346 230 220 346 350 436 196 280 286 330 102 326 378 342 330 364 384 326 356 380 382 420 106 260 386 366 322 390 338 390 284 392 358 346 410 366 382 328 300 358 350 382 268 226 238 378 260 336 376 406 320 310 434 264 224 362 390 272 196 332 208 406 298 236 346 304
374 268 352 138 170 346 292 260 288 204 268 288 362 334 196 240 170 352 232 314 224 284 300 216 244 238 194 244 300 376 106 370 326 0 296 202 350 252 276 314 326 196 90 236 314 296 312 330 174 162 314 294 196 318 374 410 260 244 346 288 326 252 334 334 326 294 118 300 298 292 304 314 236 316 196 324 288 342 326 292 256 324 106 220 304 264 264 334 236 320 326 280 296 90 230 230 310 258 166 232 316 350 260 288 268 216 232 372 374 204 354 334 308 382 268 254 142 328 288 310 352 322 272 218 284 268 358
384 330 284 346 346 358 240 286 194 260 320 130 226 354 280 338 324 364 252 274 258 360 300 312 90 352 290 272 362 334 190 236 290 296 0 294 272 306 412 308 386 308 314 284 322 366 284 232 390 408 264 314 416 230 426 322 244 288 386 216 202 308 326 378 342 344 256 94 318 184 228 288 320 374 328 220 432 300 400 262 332 280 358 184 290 286 330 400 354 358 158 350 358 366 414 380 334 110 228 266 182 208 318 378 304 320 304 338 424 376 244 316 208 252 410 206 276 300 400 274 274 286 384 196 312 280 372
390 256 296 340 372 344 386 302 204 288 354 252 318 344 296 264 334 434 306 200 288 324 372 298 358 276 354 378 182 312 296 366 300 202 294 0 454 304 418 202 408 320 292 320 276 360 314 256 376 358 386 340 314 354 354 292 126 374 312 340 308 366 398 394 378 360 320 200 304 110 334 198 280 114 248 362 380 368 250 256 264 386 190 288 316 158 256 272 352 366 400 208 446 292 372 432 216 260 316 304 212 378 244 358 292 406 418 336 426 370 202 414 314 302 360 418 344 300 272 246 438 186 468 302 306 268 254
342 362 332 302 280 328 394 378 338 296 264 264 368 310 304 318 254 448 208 330 240 332 220 314 362 228 296 146 272 326 382 220 332 350 272 454 0 280 318 322 174 298 260 298 338 94 178 248 426 228 378 200 154 360 354 340 374 244 316 358 252 264 310 218 268 372 312 284 256 374 150 330 264 350 346 280 256 344 290 272 440 316 388 330 318 334 330 364 312 98 114 256 260 328 344 370 412 346 334 274 280 378 332 372 232 422 374 426 216 354 382 268 372 410 306 338 326 200 220 268 292 382 146 386 338 364 398
142 308 276 302 338 248 290 382 352 324 240 326 110 280 298 150 382 292 260 188 278 312 356 204 216 340 272 316 410 192 222 298 304 252 306 304 280 0 336 374 276 268 232 328 180 232 318 90 296 350 302 214 126 230 332 192 332 272 94 330 268 298 386 242 330 248 272 276 228 278 260 274 248 232 330 346 312 236 240 304 296 336 284 316 332 312 356 284 244 240 354 232 346 162 170 362 382 236 294 332 216 98 200 264 306 252 226 398 332 276 102 326 264 130 256 366 338 234 198 252 304 288 356 328 228 276 118
260 360 352 138 374 284 402 390 396 302 276 400 404 334 312 186 276 378 232 334 390 386 392 236 360 358 328 296 402 312 222 206 372 276 412 418 318 336 0 418 316 378 366 216 412 224 256 322 218 358 334 350 330 256 382 358 292 242 430 438 346 330 296 332 404 386 386 402 404 340 310 462 298 374 302 382 430 428 440 292 344 280 320 344 344 392 316 438 310 328 260 280 390 328 272 272 382 332 404 412 316 356 368 368 328 202 448 330 434 406 324 424 422 466 322 316 370 118 420 398 150 324 394 300 364 312 336
296 250 216 314 310 394 304 316 122 406 346 232 348 300 238 262 252 322 282 208 298 226 240 216 276 300 206 212 326 312 304 212 316 314 308 202 322 374 418 0 362 118 250 330 322 228 182 284 358 294 232 216 334 240 362 230 322 310 444 314 106 212 302 312 334 216 334 268 416 216 326 268 346 316 280 308 374 248 306 232 118 394 308 288 316 224 322 216 314 292 376 380 256 224 244 296 232 284 192 364 284 366 286 336 90 260 390 374 334 338 320 384 382 428 356 236 228 320 254 300 346 330 332 300 416 334 428
418 394 328 334 344 328 284 206 338 334 248 332 386 342 130 158 378 466 240 268 178 402 146 366 358 390 308 272 336 256 220 150 312 326 386 408 174 276 316 362 0 314 256 366 174 256 352 264 362 300 432 350 150 272 280 404 410 276 370 354 378 304 240 366 324 400 322 392 252 312 324 210 324 312 362 358 174 364 260 328 382 454 236 372 256 358 260 284 312 268 288 218 318 402 396 218 426 276 332 356 360 374 238 312 272 454 394 392 310 288 336 158 360 406 372 370 424 362 244 430 166 296 284 296 316 364 352
178 314 236 310 360 362 340 358 218 304 342 256 370 356 318 380 326 204 358 228 240 252 260 212 218 208 256 310 346 256 302 232 252 196 308 320 298 268 378 118 314 0 286 346 244 248 300 326 240 320 310 98 328 122 382 276 204 212 362 300 224 268 322 302 272 98 216 254 336 312 374 150 378 426 260 244 384 146 188 252 236 390 302 170 260 280 280 334 252 200 388 332 276 106 326 346 114 304 212 344 264 248 306 350 110 232 282 324 316 220 300 266 368 380 312 118 110 284 322 260 228 272 324 350 300 236 310
374 358 280 228 186 264 310 322 372 294 284 288 342 412 286 330 260 352 310 224 134 300 382 306 334 314 212 154 324 358 196 332 236 90 314 292 260 232 366 250 256 286 0 248 318 212 292 322 264 252 386 260 106 244 324 348 298 252 326 310 260 256 244 342 236 356 200 220 208 298 214 224 318 306 106 344 292 396 308 284 268 370 196 130 312 196 336 316 154 322 374 212 368 180 320 302 388 206 256 312 252 300 236 240 320 306 142 284 376 294 334 344 324 362 284 344 232 318 200 220 300 232 320 306 260 230 328
240 390 366 252 378 204 322 310 348 228 280 340 260 340 236 264 256 374 240 280 370 376 308 182 194 336 308 314 264 232 252 286 448 236 284 320 298 328 216 330 366 346 248 0 354 204 236 296 358 260 280 296 276 260 174 338 228 386 402 320 292 196 364 378 384 328 330 344 378 320 236 410 122 380 308 256 214 378 332 98 320 260 130 342 318 218 296 222 94 396 190 338 306 240 252 308 318 362 342 256 338 240 302 372 240 354 246 390 318 212 304 342 284 348 304 292 316 98 332 378 280 240 260 242 344 292 210
322 312 216 302 354 228 110 318 260 322 334 300 288 290 118 320 366 354 228 114 184 386 320 204 232 304 208 272 458 192 208 298 196 314 322 276 338 180 412 322 174 244 318 354 0 370 370 90 434 384 302 318 306 300 268 316 370 320 274 358 268 280 294 410 150 342 374 256 292 166 274 94 312 232 280 340 348 352 248 326 370 284 224 302 318 268 312 272 300 240 322 276 352 330 350 278 328 240 334 350 268 278 300 248 232 340 406 218 328 368 282 332 284 310 256 226 338 394 362 372 340 318 452 302 350 240 298
248 342 264 332 374 272 370 302 350 318 328 334 342 356 386 382 264 382 302 256 334 398 288 354 384 134 284 240 178 312 358 260 284 296 366 360 94 232 224 228 256 248 212 204 370 0 170 322 418 134 420 276 106 268 278 320 280 338 326 310 328 294 308 312 362 346 218 354 208 304 244 310 272 306 312 296 260 296 366 178 346 268 334 264 312 252 236 332 298 192 208 212 166 312 260 276 362 332 240 312 272 328 334 360 138 410 354 418 310 260 312 362 278 362 340 336 232 106 200 174 374 348 240 378 256 300 350
280 324 204 174 382 304 310 370 298 426 402 212 208 312 378 358 280 342 268 294 232 374 262 272 214 304 288 138 348 360 320 312 366 312 284 314 178 318 256 182 352 300 292 236 370 170 0 356 424 304 346 202 276 244 396 332 242 236 412 340 244 256 244 308 260 398 342 288 256 204 256 322 190 410 248 126 364 430 292 328 300 300 366 332 254 306 350 398 330 276 280 316 336 290 292 378 332 376 374 420 102 332 320 206 272 338 386 418 378 388 344 352 276 376 434 268 320 138 226 260 284 308 324 382 252 238 414
232 334 306 212 332 158 200 322 282 412 244 342 200 334 208 240 412 370 306 98 188 352 272 114 142 288 294 282 392 102 280 208 286 330 232 256 248 90 322 284 264 326 322 296 90 322 356 0 360 316 212 228 216 308 252 282 366 334 184 268 178 208 296 332 240 264 308 278 318 188 350 184 296 142 336 272 376 326 318 236 304 368 314 330 272 290 318 206 268 150 362 236 262 240 260 362 300 320 318 418 290 188 290 338 216 342 316 308 268 350 192 320 354 220 346 316 248 324 272 342 364 228 362 380 318 224 208
312 442 446 312 344 390 376 202 428 130 390 380 392 480 334 362 344 326 392 320 258 432 320 260 410 312 312 352 450 258 280 358 450 174 390 376 426 296 218 358 362 240 264 358 434 418 424 360 0 336 358 338 370 312 406 410 304 376 376 462 370 316 320 438 284 338 244 296 462 386 430 348 410 334 338 438 312 386 428 312 300 150 228 386 422 304 248 398 280 364 312 402 342 134 404 280 354 432 340 194 454 350 352 238 350 260 406 404 352 248 398 378 410 356 302 344 316 312 410 466 368 384 422 292 304 194 414
382 336 374 300 252 344 330 272 342 220 228 382 240 258 358 318 332 360 318 336 284 348 344 356 388 268 232 374 312 214 268 212 358 162 408 358 228 350 358 294 300 320 252 260 384 134 304 316 336 0 340 372 240 370 260 414 358 296 412 310 368 336 174 234 402 336 280 338 342 248 252 290 138 314 338 272 126 428 458 230 366 392 268 252 312 260 102 370 234 326 342 220 272 252 360 142 268 338 274 394 272 380 364 284 272 316 262 394 390 178 446 308 268 480 350 202 304 240 264 284 264 256 110 326 122 232 450
256 410 170 196 326 332 276 306 244 430 228 134 340 122 334 318 362 308 224 196 286 226 324 98 258 320 328 232 400 314 332 370 324 314 264 386 378 302 334 232 432 310 386 280 302 420 346 212 358 340 0 212 412 356 334 354 260 292 222 384 126 192 280 340 354 248 326 288 398 286 316 222 202 352 390 336 278 370 302 350 304 402 332 320 218 324 392 316 294 312 284 322 328 224 430 418 284 374 384 206 244 376 338 414 282 350 308 400 314 338 404 316 284 396 356 386 232 334 360 320 360 250 346 390 340 322 376
272 342 264 212 284 386 370 322 138 386 244 248 324 334 220 334 268 302 260 212 264 350 224 114 276 178 284 326 374 158 310 224 236 294 314 340 200 214 350 216 350 98 260 296 318 276 202 228 338 372 212 0 318 220 350 370 302 274 308 288 224 208 264 328 338 196 314 220 390 232 276 248 280 354 352 146 376 244 90 280 334 320 326 130 358 296 334 332 310 102 314 260 304 204 350 374 212 332 240 324 304 178 334 384 138 290 380 284 220 318 316 272 334 304 350 216 208 340 224 220 316 232 346 314 260 334 212
268 406 358 248 292 320 344 332 396 348 222 286 236 306 280 276 342 356 204 314 240 336 296 330 330 240 268 190 284 312 302 300 178 196 416 314 154 126 330 334 150 328 106 276 306 106 276 216 370 240 412 318 0 206 218 318 280 288 220 204 296 308 344 368 292 250 264 326 102 310 284 280 330 200 212 402 186 292 366 178 314 340 302 236 206 208 230 330 260 216 268 106 272 286 296 358 370 312 326 206 256 224 326 344 244 304 248 370 334 292 228 304 248 256 382 382 338 212 94 280 312 338 296 354 204 314 244
300 386 244 320 244 252 342 340 338 182 340 252 248 234 386 380 320 326 336 210 300 130 372 308 308 330 244 252 438 378 394 352 334 318 230 354 360 230 256 240 272 122 244 260 300 268 244 308 312 370 356 220 206 0 364 398 326 268 324 182 266 316 276 206 150 220 232 324 284 244 378 272 264 340 138 366 364 268 310 358 300 284 280 292 138 228 300 284 354 312 304 246 396 228 316 228 236 340 304 406 142 328 268 272 232 354 386 234 194 342 332 236 284 360 260 240 232 162 300 382 106 330 352 250 292 246 292
390 390 398 334 204 214 332 434 338 276 106 396 328 238 386 196 412 402 306 154 244 318 134 236 352 338 408 338 324 316 426 248 396 374 426 354 354 332 382 362 280 382 324 174 268 278 396 252 406 260 334 350 218 364 0 292 402 374 290 422 346 320 338 348 418 364 316 334 320 244 362 334 296 394 308 380 334 372 388 272 402 390 304 292 328 346 158 304 268 256 276 324 266 362 426 402 324 316 374 332 346 234 312 410 272 388 230 340 374 360 382 262 324 254 238 368 370 272 312 382 446 190 224 416 334 280 306
98 384 232 286 284 376 338 420 332 280 186 380 302 472 426 276 398 226 380 316 226 380 426 256 258 404 310 194 416 384 396 328 324 410 322 292 340 192 358 230 404 276 348 338 316 320 332 282 410 414 354 370 318 398 292 0 358 292 286 384 300 312 302 266 316 292 356 328 420 238 442 222 440 406 318 388 414 414 400 362 348 402 378 382 310 340 384 272 414 432 382 404 154 354 260 400 390 224 282 340 334 290 188 302 320 444 362 258 356 248 90 378 422 232 250 384 386 240 338 444 340 386 304 404 414 434 310
304 350 170 284 418 288 264 304 236 374 320 126 342 374 380 358 332 308 272 294 280 450 388 276 312 220 238 374 308 264 354 260 414 260 244 126 374 332 292 322 410 204 298 228 370 280 242 366 304 358 260 302 280 326 402 358 0 284 394 214 360 370 328 374 268 302 280 294 178 204 300 324 224 240 192 358 436 242 376 130 208 292 304 320 190 102 256 306 316 338 276 250 338 170 328 328 90 134 336 178 236 380 322 326 272 296 300 422 340 244 268 288 316 410 336 322 272 174 216 336 382 312 438 332 322 212 368
390 118 370 222 318 244 276 330 262 354 268 158 162 352 228 358 256 252 316 282 192 204 370 310 276 398 240 98 354 232 138 126 130 244 288 374 244 272 242 310 276 212 252 386 320 338 236 334 376 296 292 274 288 268 374 292 284 0 366 342 204 216 216 90 220 310 336 276 370 264 366 232 268 414 258 236 296 358 218 366 324 354 334 236 130 348 236 358 292 248 308 364 332 318 216 280 326 252 220 320 268 362 252 138 248 208 286 348 280 358 350 228 316 402 334 94 304 360 340 326 202 338 386 334 280 244 340
236 402 370 382 324 342 384 422 446 270 334 356 204 186 392 244 364 386 288 282 308 218 388 298 310 406 366 402 472 198 316 304 320 346 386 312 316 94 430 444 370 362 326 402 274 326 412 184 376 412 222 308 220 324 290 286 394 366 0 424 348 392 344 332 334 342 366 300 322 372 166 218 280 198 380 296 404 330 334 332 368 430 368 390 342 292 388 356 338 334 334 292 400 256 264 420 476 330 378 426 310 192 294 246 400 346 198 354 340 370 196 420 348 224 226 332 308 328 292 346 380 324 438 368 292 182 212
420 224 350 418 414 324 344 332 280 350 416 340 362 416 328 434 186 404 324 342 372 300 374 372 126 434 370 394 256 370 254 346 370 288 216 340 358 330 438 314 354 300 310 320 358 310 340 268 462 310 384 288 204 182 422 384 214 342 424 0 354 382 282 384 312 380 292 256 102 346 284 300 376 404 320 256 390 292 198 344 408 442 394 346 320 316 352 356 298 390 374 310 252 378 282 410 186 304 122 392 256 244 216 304 224 304 368 416 376 346 304 418 370 288 426 398 410 344 298 390 288 426 382 358 406 404 320
268 322 296 208 338 288 354 220 228 328 240 260 366 248 280 274 350 366 302 208 200 332 308 110 292 194 256 106 274 206 342 308 334 326 202 308 252 268 346 106 378 224 260 292 268 328 244 178 370 368 126 224 296 266 346 300 360 204 348 354 0 106 292 294 228 260 240 162 342 252 296 290 282 320 334 226 366 354 308 230 224 348 384 252 334 312 266 322 208 186 360 344 202 236 322 346 296 312 296 258 346 340 386 342 196 264 402 386 228 296 370 356 276 356 376 298 206 382 308 194 252 332 358 264 352 332 386
252 334 284 192 322 212 322 114 170 378 224 280 340 314 174 314 244 350 284 166 212 418 308 94 300 300 224 118 272 310 264 280 346 252 308 366 264 298 330 212 304 268 256 196 280 294 256 208 316 336 192 208 308 316 320 312 370 216 392 382 106 0 276 306 240 244 134 268 360 256 402 302 318 350 228 332 260 316 202 294 300 374 280 316 272 318 304 312 102 240 378 334 308 220 284 314 280 352 260 364 358 248 354 242 158 158 398 398 122 296 392 352 366 250 416 272 228 294 304 226 264 310 268 204 336 230 324
340 304 338 280 330 252 346 336 226 190 232 264 364 334 370 322 272 326 370 200 110 380 334 182 248 386 248 204 336 196 354 90 230 334 326 398 310 386 296 302 240 322 244 364 294 308 244 296 320 174 280 264 344 276 338 302 328 216 344 282 292 276 0 306 326 332 348 280 384 290 248 200 252 306 350 118 258 370 284 330 378 430 288 336 138 272 200 336 362 212 358 344 332 308 394 244 366 216 202 414 300 366 296 252 212 374 162 242 288 352 350 236 366 410 362 260 288 356 304 252 250 322 284 246 246 162 406
364 208 308 312 228 334 366 388 190 308 326 248 252 280 318 392 198 248 336 372 282 114 426 400 344 402 330 188 426 322 228 216 220 334 378 394 218 242 332 312 366 302 342 378 410 312 308 332 438 234 340 328 368 206 348 266 374 90 332 384 294 306 306 0 310 354 246 340 360 284 368 322 358 324 340 326 360 448 308 324 252 442 406 326 220 358 190 268 382 316 332 368 394 356 126 370 346 282 292 298 206 340 342 228 338 298 376 258 288 376 296 318 226 372 244 184 304 280 352 414 292 382 344 392 356 334 330
414 292 366 328 272 304 260 346 302 332 332 370 382 296 268 394 334 376 284 264 216 280 406 334 382 338 236 122 324 342 358 346 346 326 342 378 268 330 404 334 324 272 236 384 150 362 260 240 284 402 354 338 292 150 418 316 268 220 334 312 228 240 326 310 0 318 224 248 394 316 358 244 342 280 130 386 422 418 390 286 292 134 374 312 288 220 300 354 342 344 378 186 320 334 418 326 178 390 190 446 276 300 260 264 292 398 378 158 344 400 358 386 134 340 370 314 382 296 334 402 254 308 414 330 284 330 440
276 366 244 248 262 344 322 342 316 402 280 354 358 370 356 312 376 106 342 248 338 350 358 150 254 306 324 302 344 300 392 330 350 294 344 360 372 248 386 216 400 98 356 328 342 346 398 264 338 336 248 196 250 220 364 292 302 310 342 380 260 244 332 354 318 0 314 328 312 338 406 248 292 386 352 342 336 122 286 350 334 452 388 268 290 378 378 288 234 298 290 356 374 204 228 414 212 312 310 262 346 150 300 414 208 304 380 324 366 318 202 364 316 344 354 216 208 382 344 304 326 174 226 418 392 334 366
386 386 342 256 288 238 298 142 240 322 296 320 346 332 308 340 110 340 230 300 334 360 182 228 166 288 200 252 372 354 224 340 436 118 256 320 312 272 386 334 322 216 200 330 374 218 342 308 244 280 326 314 264 232 316 356 280 336 366 292 240 134 348 246 224 314 0 334 366 286 364 348 306 422 94 234 288 362 336 338 256 358 224 330 310 184 332 354 236 218 324 328 318 110 348 290 330 344 284 350 240 284 224 228 292 236 292 382 256 224 266 354 344 328 386 334 260 268 170 360 338 346 390 232 296 186 390
348 236 240 296 252 336 294 192 184 166 334 224 298 276 366 244 314 378 346 180 270 312 356 270 184 260 196 178 268 318 276 330 196 300 94 200 284 276 402 268 392 254 220 344 256 354 288 278 296 338 288 220 326 324 334 328 294 276 300 256 162 268 280 340 248 328 334 0 316 90 134 194 248 314 282 162 338 316 310 300 298 186 264 90 306 192 236 306 324 322 252 256 264 360 374 286 368 204 134 284 192 178 224 338 236 272 362 244 336 296 322 234 114 300 350 300 312 348 306 180 252 192 290 102 218 186 288
370 326 256 332 340 360 242 434 350 448 324 264 260 364 382 378 288 394 306 346 288 402 398 430 228 342 340 292 358 370 356 364 280 298 318 304 256 228 404 416 252 336 208 378 292 208 256 318 462 342 398 390 102 284 320 420 178 370 322 102 342 360 384 360 394 312 366 316 0 256 182 198 296 302 286 312 288 190 300 280 344 442 404 338 308 280 332 426 362 318 370 208 354 328 384 430 268 312 224 308 154 218 318 380 326 202 350 472 432 394 330 358 328 358 360 316 372 314 196 372 390 414 398 372 304 302 338
336 146 204 280 342 288 276 282 94 256 244 204 208 312 276 154 224 342 264 90 180 374 358 188 248 170 286 268 292 290 186 256 286 292 184 110 374 278 340 216 312 312 298 320 166 304 204 188 386 248 286 232 310 244 244 238 204 264 372 346 252 256 290 284 316 338 286 90 256 0 224 260 224 224 192 252 374 366 300 334 208 276 288 180 382 102 146 306 348 334 342 318 354 276 284 348 294 294 224 356 102 268 134 248 208 350 308 334 370 386 232 324 204 374 422 356 268 342 216 262 340 202 358 192 252 212 364
382 328 374 324 158 404 384 326 318 300 256 358 252 332 334 346 284 430 312 312 348 272 356 386 260 354 330 296 402 304 244 338 330 304 228 334 150 260 310 326 324 374 214 236 274 244 256 350 430 252 316 276 284 378 362 442 300 366 166 284 296 402 248 368 358 406 364 134 182 224 0 328 114 364 320 130 378 372 366 170 342 320 238 224 290 236 354 346 330 248 264 386 378 394 368 394 390 338 268 364 326 312 358 368 312 384 356 378 366 284 362 368 248 390 256 272 376 334 302 264 272 232 296 236 288 250 378
320 350 310 324 260 322 204 384 316 250 288 206 354 324 212 368 418 354 280 180 90 292 356 278 326 358 302 184 380 178 302 284 102 314 288 198 330 274 462 268 210 150 224 410 94 310 322 184 348 290 222 248 280 272 334 222 324 232 218 300 290 302 200 322 244 248 348 194 198 260 328 0 378 276 254 318 384 296 264 312 386 378 318 208 338 344 368 366 326 334 356 182 336 256 394 372 264 334 328 402 316 372 384 342 260 340 318 312 234 274 312 368 308 404 162 268 260 416 284 298 330 304 400 296 280 306 300
362 332 346 320 272 308 294 336 312 350 262 336 138 218 220 256 288 398 226 198 288 384 420 296 250 240 226 304 288 244 130 342 326 236 320 280 264 248 298 346 324 378 318 122 312 272 190 296 410 138 202 280 330 264 296 440 224 268 280 376 282 318 252 358 342 292 306 248 296 224 114 378 0 390 212 134 264 374 350 220 228 364 252 220 336 122 240 232 216 358 312 324 410 296 354 280 314 358 336 378 244 346 342 292 316 370 368 268 390 316 350 416 362 378 370 276 338 220 236 268 158 118 248 308 256 232 332
348 370 410 236 322 300 342 382 318 402 386 366 310 230 302 302 330 478 192 240 330 210 374 256 284 356 436 390 296 244 392 350 378 316 374 114 350 232 374 316 312 426 306 380 232 306 410 142 334 314 352 354 200 340 394 406 240 414 198 404 320 350 306 324 280 386 422 314 302 224 364 276 390 0 362 414 266 468 364 334 230 414 304 322 406 272 366 158 410 252 286 94 404 382 356 456 330 374 388 406 326 330 358 424 358 372 332 422 370 432 316 422 236 362 326 452 390 412 294 354 446 272 376 416 192 302 350
382 326 248 206 292 276 204 216 286 320 202 256 252 344 392 292 204 246 300 238 240 268 276 304 260 208 106 252 358 402 302 296 342 196 328 248 346 330 302 280 362 260 106 308 280 312 248 336 338 338 390 352 212 138 308 318 192 258 380 320 334 228 350 340 130 352 94 282 286 192 320 254 212 362 0 328 292 372 414 322 162 264 302 236 216 90 338 260 260 312 300 316 262 204 288 196 282 312 224 352 146 280 130 134 214 304 248 288 332 318 228 314 264 370 352 350 306 300 204 324 244 330 320 200 296 200 430
406 198 330 300 288 370 364 354 194 308 338 304 272 352 354 390 154 300 292 226 228 402 370 260 130 324 356 264 422 304 264 208 330 324 220 362 280 346 382 308 358 244 344 256 340 296 126 272 438 272 336 146 402 366 380 388 358 236 296 256 226 332 118 326 386 342 234 162 312 252 130 318 134 414 328 0 376 386 236 300 362 348 368 224 256 256 318 366 340 248 328 390 356 344 326 362 358 308 296 368 228 248 282 238 284 256 280 360 366 262 308 354 276 292 386 142 354 264 352 134 292 252 382 264 296 280 358
364 290 402 360 326 386 296 146 406 182 228 324 312 384 304 318 276 424 336 360 352 440 320 262 408 394 198 348 438 340 394 320 364 288 432 380 256 312 430 374 174 384 292 214 348 260 364 376 312 126 278 376 186 364 334 414 436 296 404 390 366 260 258 360 422 336 288 338 288 374 378 384 264 266 292 376 0 428 434 312 376 462 280 378 308 382 228 358 276 354 364 292 352 378 428 268 394 426 356 392 398 322 272 158 344 368 388 452 382 298 370 332 394 434 424 266 396 312 280 410 340 382 110 236 248 286 424
324 362 284 290 384 394 320 414 350 438 400 368 346 416 234 386 254 228 344 276 366 398 308 272 256 354 304 424 394 386 324 280 384 342 300 368 344 236 428 248 364 146 396 378 352 296 430 326 386 428 370 244 292 268 372 414 242 358 330 292 354 316 370 448 418 122 362 316 190 366 372 296 374 468 372 386 428 0 334 300 366 462 340 316 406 344 390 388 284 246 412 398 324 252 350 394 260 190 260 384 344 138 354 372 158 292 428 358 364 366 324 402 304 358 458 264 256 402 368 292 374 296 318 398 356 246 354
362 336 354 302 358 328 358 316 206 334 334 316 234 342 130 350 336 392 240 234 174 390 314 204 324 268 374 268 432 248 220 314 326 326 400 250 290 240 440 306 260 188 308 332 248 366 292 318 428 458 302 90 366 310 388 400 376 218 334 198 308 202 284 308 390 286 336 310 300 300 366 264 350 364 414 236 434 334 0 370 346 410 236 220 348 386 424 284 304 192 334 338 394 294 396 430 302 422 320 362 340 268 414 356 228 290 420 374 310 408 342 362 396 214 260 306 298 428 314 310 308 322 436 404 350 360 122
338 336 268 154 304 302 368 258 354 326 342 256 358 244 250 252 280 320 142 258 348 336 292 252 234 312 288 336 356 134 340 240 356 292 262 256 272 304 292 232 328 252 284 98 326 178 328 236 312 230 350 280 178 358 272 362 130 366 332 344 230 294 330 324 286 350 338 300 280 334 170 312 220 334 322 300 312 300 370 0 324 162 228 360 320 232 270 320 192 300 236 240 208 228 198 372 220 264 244 308 332 338 338 398 142 354 344 372 360 114 368 244 186 368 206 370 362 196 272 326 378 260 340 308 338 342 308
288 264 302 368 366 292 352 362 240 430 364 334 230 182 252 350 336 248 284 298 388 252 358 292 290 224 268 330 284 338 342 330 380 256 332 264 440 296 344 118 382 236 268 320 370 346 300 304 300 366 304 334 314 300 402 348 208 324 368 408 224 300 378 252 292 334 256 298 344 208 342 386 228 230 162 362 376 366 346 324 0 426 358 314 378 106 354 98 312 342 378 324 374 166 126 358 298 222 310 386 308 296 292 218 208 142 272 362 288 280 280 400 344 310 382 230 322 280 220 340 386 212 450 312 326 216 414
304 422 420 206 400 328 394 352 370 280 434 410 446 362 324 376 320 438 266 366 350 414 340 304 368 402 370 256 446 296 234 340 382 324 280 386 316 336 280 394 454 390 370 260 284 268 300 368 150 392 402 320 340 284 390 402 292 354 430 442 348 374 430 442 134 452 358 186 442 276 320 378 364 414 264 348 462 462 410 162 426 0 378 276 412 354 398 472 354 218 304 320 370 284 316 412 312 390 320 344 378 364 394 388 304 410 456 292 336 276 348 388 268 206 368 448 438 162 340 366 290 378 454 288 404 344 344
280 374 344 244 250 304 334 366 378 98 224 386 370 318 106 134 276 458 216 314 330 364 288 312 324 344 300 350 372 316 196 322 420 106 358 190 388 284 320 308 236 302 196 130 224 334 366 314 228 268 332 326 302 280 304 378 304 334 368 394 384 280 288 406 374 388 224 264 404 288 238 318 252 304 302 368 280 340 236 228 358 378 0 320 410 348 216 260 224 374 280 314 312 196 336 248 382 364 272 126 390 370 238 352 218 322 338 422 402 282 336 394 372 414 348 352 248 228 378 410 370 272 342 324 380 374 340
284 326 150 206 260 310 256 282 266 256 330 314 246 328 350 240 378 288 300 270 264 370 352 244 274 306 286 268 272 228 326 334 106 220 184 288 330 316 344 288 372 170 130 342 302 264 332 330 386 252 320 130 236 292 292 382 320 236 390 346 252 316 336 326 312 268 330 90 338 180 224 208 220 322 236 224 378 316 220 360 314 276 320 0 312 282 326 216 284 232 284 228 354 276 408 376 284 294 224 194 252 244 314 370 268 344 272 154 246 344 398 214 204 336 336 288 280 370 322 90 342 102 362 192 130 240 198
402 248 268 206 368 114 208 220 364 320 370 284 292 340 312 410 368 382 300 338 248 268 390 304 380 316 110 228 360 334 268 228 260 304 290 316 318 332 344 316 256 260 312 318 318 312 254 272 422 312 218 358 206 138 328 310 190 130 342 320 334 272 138 220 288 290 310 306 308 382 290 338 336 406 216 256 308 406 348 320 378 412 410 312 0 292 338 422 224 268 304 312 322 342 312 200 254 324 226 368 280 284 320 268 256 338 300 364 150 228 400 98 420 384 356 224 218 280 284 332 244 388 390 204 384 300 430
394 248 272 296 350 186 294 306 196 358 292 228 260 288 342 256 294 336 348 192 282 358 314 290 350 118 196 342 340 366 252 358 386 264 286 158 334 312 392 224 358 280 196 218 268 252 306 290 304 260 324 296 208 228 346 340 102 348 292 316 312 318 272 358 220 378 184 192 280 102 236 344 122 272 90 256 382 344 386 232 106 354 348 282 292 0 248 204 296 236 360 314 352 174 232 286 192 236 314 280 204 370 220 224 304 248 338 320 268 288 318 294 306 416 438 260 216 276 114 234 280 240 370 290 220 110 412
300 292 350 402 304 312 366 374 240 118 252 350 340 328 322 300 370 368 390 236 310 304 292 334 394 316 334 334 372 216 332 110 366 264 330 256 330 356 316 322 260 280 336 296 312 236 350 318 248 102 392 334 230 300 158 384 256 236 388 352 266 304 200 190 300 378 332 236 332 146 354 368 240 366 338 318 228 390 424 270 354 398 216 326 338 248 0 452 202 232 300 308 374 348 316 244 166 236 334 342 248 332 280 272 232 324 362 442 350 280 370 402 166 412 396 210 390 342 162 386 366 342 212 338 224 334 464
190 336 324 300 268 352 278 396 338 358 342 348 328 280 154 252 344 346 206 304 394 154 376 218 348 198 366 428 186 240 244 346 322 334 400 272 364 284 438 216 284 334 316 222 272 332 398 206 398 370 316 332 330 284 304 272 306 358 356 356 322 312 336 268 354 288 354 306 426 306 346 366 232 158 260 366 358 388 284 320 98 472 260 216 422 204 452 0 316 266 300 250 364 264 224 456 396 316 234 386 406 382 280 316 306 240 174 264 384 274 182 404 368 324 284 328 296 320 318 306 390 114 444 408 346 314 402
334 406 334 234 340 110 228 216 272 320 284 382 354 394 182 358 346 340 292 268 288 454 360 196 264 324 304 220 170 326 272 312 390 236 354 352 312 244 310 314 312 252 154 94 300 298 330 268 280 234 294 310 260 354 268 414 316 292 338 298 208 102 362 382 342 234 236 324 362 348 330 326 216 410 260 340 276 284 304 192 312 354 224 284 224 296 202 316 0 342 284 366 288 146 328 214 366 358 304 350 406 146 390 344 260 260 296 428 224 194 346 322 312 352 398 198 306 192 354 300 336 334 166 306 356 332 304
368 366 234 252 182 308 340 348 240 298 264 350 300 260 268 268 296 350 158 248 316 296 122 216 292 280 296 244 312 228 358 122 338 320 358 366 98 240 328 292 268 200 322 396 240 192 276 150 364 326 312 102 216 312 256 432 338 248 334 390 186 240 212 316 344 298 218 322 318 334 248 334 358 252 312 248 354 246 192 300 342 218 374 232 268 236 232 266 342 0 212 158 320 230 280 276 314 248 342 372 332 280 398 284 240 356 374 386 118 300 342 170 300 370 280 302 310 298 122 322 214 334 244 364 256 276 314
284 414 362 188 340 308 292 284 260 182 294 150 254 196 204 204 232 396 94 278 304 362 142 286 248 342 194 260 332 370 294 334 390 326 158 400 114 354 260 376 288 388 374 190 322 208 280 362 312 342 284 314 268 304 276 382 276 308 334 374 360 378 358 332 378 290 324 252 370 342 264 356 312 286 300 328 364 412 334 236 378 304 280 284 304 360 300 300 284 212 0 192 374 412 296 284 366 268 312 388 260 310 218 332 292 458 324 420 330 350 316 336 334 352 420 364 296 142 334 194 406 270 260 288 290 250 392
374 312 350 142 228 394 324 288 366 374 298 342 216 200 208 208 236 462 98 334 272 304 280 240 378 346 374 296 354 338 298 280 284 280 350 208 256 232 280 380 218 332 212 338 276 212 316 236 402 220 322 260 106 246 324 404 250 364 292 310 344 334 344 368 186 356 328 256 208 318 386 182 324 94 316 390 292 398 338 240 324 320 314 228 312 314 308 250 366 158 192 0 378 366 402 362 340 384 376 312 248 308 372 354 350 328 354 344 276 354 334 328 142 356 326 358 334 318 200 260 352 330 330 358 98 208 350
252 232 292 362 272 332 332 340 378 410 340 410 348 450 418 430 312 380 350 284 374 304 316 312 378 250 312 308 264 342 336 288 392 296 358 446 260 346 390 256 318 276 368 306 352 166 336 262 342 272 328 304 272 396 266 154 338 332 400 252 202 308 332 394 320 374 318 264 354 354 378 336 410 404 262 356 352 324 394 208 374 370 312 354 322 352 374 364 288 320 374 378 0 208 364 394 390 360 130 186 394 434 224 194 166 334 398 412 202 94 244 224 378 386 174 394 348 272 366 340 384 434 382 288 394 360 312
284 358 340 224 260 256 374 252 324 264 256 296 272 346 286 312 220 310 318 224 314 358 292 126 276 178 284 334 316 342 196 338 358 90 366 292 328 162 328 224 402 106 180 240 330 312 290 240 134 252 224 204 286 228 362 354 170 318 256 378 236 220 308 356 334 204 110 360 328 276 394 256 296 382 204 344 378 252 294 228 166 284 196 276 342 174 348 264 146 230 412 366 208 0 292 320 220 304 256 322 350 260 334 336 216 126 322 282 342 114 264 244 398 292 358 224 216 338 280 366 334 286 312 296 356 284 280
296 138 260 352 354 218 336 398 316 434 410 374 280 308 266 320 312 122 340 286 376 240 402 374 348 350 364 314 374 332 298 342 346 230 414 372 344 170 272 244 396 326 320 252 350 260 292 260 404 360 430 350 296 316 426 260 328 216 264 282 322 284 394 126 418 228 348 374 384 284 368 394 354 356 288 326 428 350 396 198 126 316 336 408 312 232 316 224 328 280 296 402 364 292 0 454 418 304 240 424 332 268 268 344 334 268 396 384 162 312 170 392 352 300 370 280 336 154 346 422 418 338 432 438 352 320 288
332 350 294 336 394 306 188 200 254 150 296 364 356 400 348 376 320 432 378 354 334 344 340 408 382 404 90 240 384 260 318 154 410 230 380 432 370 362 272 296 218 346 302 308 278 276 378 362 280 142 418 374 358 228 402 400 328 280 420 410 346 314 244 370 326 414 290 286 430 348 394 372 280 456 196 362 268 394 430 372 358 412 248 376 200 286 244 456 214 276 284 362 394 320 454 0 410 280 338 374 292 264 316 202 236 354 404 344 350 320 414 298 400 364 336 344 372 300 264 312 122 368 252 184 264 320 308
292 410 260 284 328 368 354 394 326 284 230 216 432 406 354 320 372 318 342 284 354 366 374 186 312 310 328 300 398 354 416 276 366 310 334 216 412 382 382 232 426 114 388 318 328 362 332 300 354 268 284 212 370 236 324 390 90 326 476 186 296 280 366 346 178 212 330 368 268 294 390 264 314 330 282 358 394 260 302 220 298 312 382 284 254 192 166 396 366 314 366 340 390 220 418 410 0 224 308 268 326 362 402 416 224 346 390 336 402 334 318 352 312 460 426 232 224 264 306 374 342 386 348 422 390 302 424
322 370 236 396 308 248 130 338 304 354 210 240 336 404 348 300 386 374 322 312 326 396 344 340 178 242 228 350 408 232 258 126 382 258 110 260 346 236 332 284 276 304 206 362 240 332 376 320 432 338 374 332 312 340 316 224 134 252 330 304 312 352 216 282 390 312 344 204 312 294 338 334 358 374 312 308 426 190 422 264 222 390 364 294 324 236 236 316 358 248 268 384 360 304 304 280 224 0 296 312 292 296 232 268 194 226 348 400 362 378 134 406 318 276 300 316 340 308 306 384 384 250 328 306 422 346 354
362 102 228 304 292 202 320 210 314 300 300 358 362 344 296 378 308 362 386 220 310 178 252 318 248 374 248 312 134 330 206 224 328 166 228 316 334 294 404 192 332 212 256 342 334 240 374 318 340 274 384 240 326 304 374 282 336 220 378 122 296 260 202 292 190 310 284 134 224 224 268 328 336 388 224 296 356 260 320 244 310 320 272 224 226 314 334 234 304 342 312 376 130 256 240 338 308 296 0 316 326 312 94 208 102 382 268 348 332 224 192 324 248 334 304 314 308 346 420 314 254 304 344 236 316 320 322
406 418 344 370 324 430 418 316 414 224 226 304 440 328 232 260 402 368 342 402 424 412 414 304 356 398 320 364 450 422 322 368 300 232 266 304 274 332 412 364 356 344 312 256 350 312 420 418 194 394 206 324 206 406 332 340 178 320 426 392 258 364 414 298 446 262 350 284 308 356 364 402 378 406 352 368 392 384 362 308 386 344 126 194 368 280 342 386 350 372 388 312 186 322 424 374 268 312 316 0 414 412 222 336 344 340 370 348 388 280 320 408 398 424 298 226 374 352 300 284 376 296 286 226 324 376 374
236 248 102 178 280 326 208 288 196 324 346 110 106 210 378 256 326 240 272 192 264 272 364 276 210 272 202 240 394 316 288 210 358 316 182 212 280 216 316 284 360 264 252 338 268 272 102 290 454 272 244 304 256 142 346 334 236 268 310 256 346 358 300 206 276 346 240 192 154 102 326 316 244 326 146 228 398 344 340 332 308 378 390 252 280 204 248 406 406 332 260 248 394 350 332 292 326 292 326 414 0 314 236 260 228 356 284 376 336 402 318 272 174 346 332 362 218 240 284 312 248 304 352 294 150 260 334
218 406 352 380 304 256 272 284 272 344 338 338 208 278 328 248 392 256 358 286 376 380 368 292 118 356 174 324 316 290 256 396 350 350 208 378 378 98 356 366 374 248 300 240 278 328 332 188 350 380 376 178 224 328 234 290 380 362 192 244 340 248 366 340 300 150 284 178 218 268 312 372 346 330 280 248 322 138 268 338 296 364 370 244 284 370 332 382 146 280 310 308 434 260 268 264 362 296 312 412 314 0 298 338 296 154 324 398 370 340 200 382 166 228 354 268 358 332 296 154 386 324 282 268 316 364 216
286 196 322 230 304 296 252 304 228 336 206 338 268 414 344 288 232 376 312 224 314 272 346 322 276 304 236 350 228 382 300 276 382 260 318 244 332 200 368 286 238 306 236 302 300 334 320 290 352 364 338 334 326 268 312 188 322 252 294 216 386 354 296 342 260 300 224 224 318 134 358 384 342 358 130 282 272 354 414 338 292 394 238 314 320 220 280 280 390 398 218 372 224 334 268 316 402 232 94 222 236 298 0 114 196 324 174 418 426 318 98 396 338 240 398 346 402 304 334 396 348 336 254 326 386 330 318
378 256 244 340 398 256 138 304 248 340 304 296 154 358 366 290 118 380 256 328 330 342 406 336 368 342 236 236 342 268 276 162 268 288 378 358 372 264 368 336 312 350 240 372 248 360 206 338 238 284 414 384 344 272 410 302 326 138 246 304 342 242 252 228 264 414 228 338 380 248 368 342 292 424 134 238 158 372 356 398 218 388 352 370 268 224 272 316 344 284 332 354 194 336 344 202 416 268 208 336 260 338 114 0 284 210 288 422 364 288 212 366 352 354 308 232 344 276 332 358 324 394 268 302 272 218 382
260 204 126 296 348 304 232 256 212 316 264 322 292 352 324 352 342 264 284 118 208 280 150 216 328 272 146 276 236 228 308 122 226 268 304 292 232 306 328 90 272 110 320 240 232 138 272 216 350 272 282 138 244 232 272 320 272 248 400 224 196 158 212 338 292 208 292 236 326 208 312 260 316 358 214 284 344 158 228 142 208 304 218 268 256 304 232 306 260 240 292 350 166 216 334 236 224 194 102 344 228 296 196 284 0 316 370 400 280 256 294 296 328 408 340 228 220 244 320 312 338 354 242 240 354 244 350
372 326 410 340 360 370 336 260 328 390 382 366 348 324 332 388 328 272 426 324 370 394 418 252 272 304 264 276 426 440 322 334 238 216 320 406 422 252 202 260 454 232 306 354 340 410 338 342 260 316 350 290 304 354 388 444 296 208 346 304 264 158 374 298 398 304 236 272 202 350 384 340 370 372 304 256 368 292 290 354 142 410 322 344 338 248 324 240 260 356 458 328 334 126 268 354 346 226 382 340 356 154 324 210 316 0 414 408 280 240 354 370 320 368 358 114 342 320 362 308 320 354 426 170 230 264 370
364 370 386 370 328 406 426 352 284 352 336 174 336 384 328 262 182 486 320 362 272 328 364 344 394 318 354 296 274 358 338 252 378 232 304 418 374 226 448 390 394 282 142 246 406 354 386 316 406 262 308 380 248 386 230 362 300 286 198 368 402 398 162 376 378 380 292 362 350 308 356 318 368 332 248 280 388 428 420 344 272 456 338 272 300 338 362 174 296 374 324 354 398 322 396 404 390 348 268 370 284 324 174 288 370 414 0 404 390 306 272 360 416 250 424 380 320 340 342 362 412 288 372 274 384 324 298
356 450 304 360 414 446 328 364 420 410 378 468 334 454 336 288 390 430 398 332 352 364 474 398 428 434 254 280 320 238 398 332 260 372 338 336 426 398 330 374 392 324 284 390 218 418 418 308 404 394 400 284 370 234 340 258 422 348 354 416 386 398 242 258 158 324 382 244 472 334 378 312 268 422 288 360 452 358 374 372 362 292 422 154 364 320 442 264 428 386 420 344 412 282 384 344 336 400 348 348 376 398 418 422 400 408 404 0 368 396 348 368 292 490 448 360 336 396 428 244 340 150 496 346 284 210 352
374 300 352 314 218 264 358 236 292 376 316 402 386 378 296 386 366 284 276 284 324 324 240 216 410 382 260 240 394 346 386 240 336 374 424 426 216 332 434 334 310 316 376 318 328 310 378 268 352 390 314 220 334 194 374 356 340 280 340 376 228 122 288 288 344 366 256 336 432 370 366 234 390 370 332 366 382 364 310 360 288 336 402 246 150 268 350 384 224 118 330 276 202 342 162 350 402 362 332 388 336 370 426 364 280 280 390 368 0 296 332 230 356 372 316 308 284 316 240 336 300 348 362 326 268 158 432
346 326 300 268 214 304 386 284 396 378 312 316 386 358 364 366 334 424 256 338 364 262 406 240 348 292 288 402 358 248 310 354 376 204 376 370 354 276 406 338 288 220 294 212 368 260 388 350 248 178 338 318 292 342 360 248 244 358 370 346 296 296 352 376 400 318 224 296 394 386 284 274 316 432 318 262 298 366 408 114 280 276 282 344 228 288 280 274 194 300 350 354 94 114 312 320 334 378 224 280 402 340 318 288 256 240 306 396 296 0 338 130 300 392 268 338 330 310 386 396 344 374 288 194 300 380 294
188 294 322 328 374 350 264 402 326 370 276 326 212 382 336 252 330 292 362 290 316 336 444 306 178 376 334 284 326 294 316 260 406 354 244 202 382 102 324 320 336 300 334 304 282 312 344 192 398 446 404 316 228 332 382 90 268 350 196 304 370 392 350 296 358 202 266 322 330 232 362 312 350 316 228 308 370 324 342 368 280 348 336 398 400 318 370 182 346 342 316 334 244 264 170 414 318 134 192 320 318 200 98 212 294 354 272 348 332 338 0 428 338 142 340 418 410 206 300 354 406 296 352 340 330 378 220
304 346 170 304 344 212 276 318 296 400 368 186 378 430 288 316 270 308 328 414 336 366 292 370 406 412 208 326 458 378 366 292 320 334 316 414 268 326 424 384 158 266 344 342 332 362 352 320 378 308 316 272 304 236 262 378 288 228 420 418 356 352 236 318 386 364 354 234 358 324 368 368 416 422 314 354 332 402 362 244 400 388 394 214 98 294 402 404 322 170 336 328 224 244 392 298 352 406 324 408 272 382 396 366 296 370 360 368 230 130 428 0 348 456 398 322 316 378 292 304 274 316 414 302 344 388 412
366 350 276 284 138 422 382 306 298 280 236 284 280 162 266 326 234 362 240 294 350 214 336 366 284 374 310 256 382 320 356 276 310 308 208 314 372 264 422 382 360 368 324 284 284 278 276 354 410 268 284 334 248 284 324 422 316 316 348 370 276 366 366 226 134 316 344 114 328 204 248 308 362 236 264 276 394 304 396 186 344 268 372 204 420 306 166 368 312 300 334 142 378 398 352 400 312 318 248 398 174 166 338 352 328 320 416 292 356 300 338 348 0 394 236 376 392 382 328 294 366 306 354 216 240 300 374
272 436 406 352 374 378 372 288 316 454 360 380 240 274 344 280 396 406 258 318 388 406 388 334 162 470 274 368 326 322 300 402 434 382 252 302 410 130 466 428 406 380 362 348 310 362 376 220 356 480 396 304 256 360 254 232 410 402 224 288 356 250 410 372 340 344 328 300 358 374 390 404 378 362 370 292 434 358 214 368 310 206 414 336 384 416 412 324 352 370 352 356 386 292 300 364 460 276 334 424 346 228 240 354 408 368 250 490 372 392 142 456 394 0 276 422 468 348 328 382 324 418 478 198 358 384 138
302 406 230 360 98 288 170 302 428 412 196 368 346 296 374 286 426 368 348 342 252 130 296 326 438 418 246 346 438 340 374 338 264 268 410 360 306 256 322 356 372 312 284 304 256 340 434 346 302 350 356 350 382 260 238 250 336 334 226 426 376 416 362 244 370 354 386 350 360 422 256 162 370 326 352 386 424 458 260 206 382 368 348 336 356 438 396 284 398 280 420 326 174 358 370 336 426 300 304 298 332 354 398 308 340 358 424 448 316 268 340 398 236 276 0 392 320 402 402 390 324 298 314 340 228 338 138
296 212 296 316 390 308 222 374 336 328 362 252 256 412 322 452 296 158 410 276 286 298 378 330 272 326 320 192 368 326 232 220 224 254 206 418 338 366 316 236 370 118 344 292 226 336 268 316 344 202 386 216 382 240 368 384 322 94 332 398 298 272 260 184 314 216 334 300 316 356 272 268 276 452 350 142 266 264 306 370 230 448 352 288 224 260 210 328 198 302 364 358 394 224 280 344 232 316 314 226 362 268 346 232 228 114 380 360 308 338 418 322 376 422 392 0 228 344 372 276 296 390 312 284 260 150 428
288 404 320 232 304 332 412 324 182 346 264 146 324 354 338 342 312 214 326 232 300 190 370 134 328 98 328 312 398 350 248 342 362 142 276 344 326 338 370 228 424 110 232 316 338 232 320 248 316 304 232 208 338 232 370 386 272 304 308 410 206 228 288 304 382 208 260 312 372 268 376 260 338 390 306 354 396 256 298 362 322 438 248 280 218 216 390 296 306 310 296 334 348 216 336 372 224 340 308 374 218 358 402 344 220 342 320 336 284 330 410 316 392 468 320 228 0 320 330 370 324 382 382 312 236 126 388
142 292 276 256 376 166 284 320 288 324 378 292 344 250 298 304 158 276 236 320 370 292 284 280 292 240 210 276 284 330 340 324 390 328 300 300 200 234 118 320 362 284 318 98 394 106 138 324 312 240 334 340 212 162 272 240 174 360 328 344 382 294 356 280 296 382 268 348 314 342 334 416 220 412 300 264 312 402 428 196 280 162 228 370 280 276 342 320 192 298 142 318 272 338 154 300 264 308 346 352 240 332 304 276 244 320 340 396 316 310 206 378 382 348 402 344 320 0 306 280 268 338 346 304 246 194 308
340 362 356 282 304 300 272 284 310 280 316 274 178 382 374 346 280 450 280 284 194 418 244 262 336 232 174 284 378 350 334 244 272 288 400 272 220 198 420 254 244 322 200 332 362 200 226 272 410 264 360 224 94 300 312 338 216 340 292 298 308 304 304 352 334 344 170 306 196 216 302 284 236 294 204 352 280 368 314 272 220 340 378 322 284 114 162 318 354 122 334 200 366 280 346 264 306 306 420 300 284 296 334 332 320 362 342 428 240 386 300 292 328 328 402 372 330 306 0 348 336 354 342 268 296 224 316
372 332 240 296 292 380 262 314 328 346 390 344 280 328 336 330 288 378 226 352 354 406 336 304 264 308 222 300 352 318 398 342 196 310 274 246 268 252 398 300 430 260 220 378 372 174 260 342 466 284 320 220 280 382 382 444 336 326 346 390 194 226 252 414 402 304 360 180 372 262 264 298 268 354 324 134 410 292 310 326 340 366 410 90 332 234 386 306 300 322 194 260 340 366 422 312 374 384 314 284 312 154 396 358 312 308 362 244 336 396 354 304 294 382 390 276 370 280 348 0 426 192 394 282 162 272 288
406 320 350 288 350 328 310 240 246 272 364 356 296 340 296 324 362 432 372 316 240 236 312 358 364 398 212 146 388 382 288 276 332 352 274 438 292 304 150 346 166 228 300 280 340 374 284 364 368 264 360 316 312 106 446 340 382 202 380 288 252 264 250 292 254 326 338 252 390 340 272 330 158 446 244 292 340 374 308 378 386 290 370 342 244 280 366 390 336 214 406 352 384 334 418 122 342 384 254 376 248 386 348 324 338 320 412 340 300 344 406 274 366 324 324 296 324 268 336 426 0 276 246 150 308 198 186
304 348 252 308 326 386 358 384 296 358 228 384 256 336 268 138 386 280 248 292 366 268 324 324 346 312 278 330 170 126 248 232 208 322 286 186 382 288 324 330 296 272 232 240 318 348 308 228 384 256 250 232 338 330 190 386 312 338 324 426 332 310 322 382 308 174 346 192 414 202 232 304 118 272 330 252 382 296 322 260 212 378 272 102 388 240 342 114 334 334 270 330 434 286 338 368 386 250 304 296 304 324 336 394 354 354 288 150 348 374 296 316 306 418 298 390 382 338 354 192 276 0 346 294 232 342 300
402 294 350 332 216 276 394 256 438 292 118 410 246 340 348 208 376 332 238 346 316 330 358 248 400 374 308 292 336 324 378 260 406 272 384 468 146 356 394 332 284 324 320 260 452 240 324 362 422 110 346 346 296 352 224 304 438 386 438 382 358 268 284 344 414 226 390 290 398 358 296 400 248 376 320 382 110 318 436 340 450 454 342 362 390 370 212 444 166 244 260 330 382 312 432 252 348 328 344 286 352 282 254 268 242 426 372 496 362 288 352 414 354 478 314 312 382 346 342 394 246 346 0 346 232 342 432
422 338 298 340 354 310 192 90 202 268 402 268 400 286 378 346 332 436 280 282 338 348 390 298 286 362 94 244 370 420 324 336 298 218 196 302 386 328 300 300 296 350 306 242 302 378 382 380 292 326 390 314 354 250 416 404 332 334 368 358 264 204 246 392 330 418 232 102 372 192 236 296 308 416 200 264 236 398 404 308 312 288 324 192 204 290 338 408 306 364 288 358 288 296 438 184 422 306 236 226 294 268 326 302 240 170 274 346 326 194 340 302 216 198 340 284 312 304 268 282 150 294 346 0 296 186 336
370 214 252 240 130 406 358 386 346 342 228 260 118 298 306 306 334 390 196 236 326 244 222 242 360 334 352 378 402 336 302 334 236 284 312 306 338 228 364 416 316 300 260 344 350 256 252 318 304 122 340 260 204 292 334 414 322 280 292 406 352 336 246 356 284 392 296 218 304 252 288 280 256 192 296 296 248 356 350 338 326 404 380 130 384 220 224 346 356 256 290 98 394 356 352 264 390 422 316 324 150 316 386 272 354 230 384 284 268 300 330 344 240 358 228 260 236 246 296 162 308 232 232 296 0 110 328
336 324 362 322 240 296 350 276 306 324 338 272 228 368 358 366 296 308 306 126 216 316 332 224 352 224 280 310 450 326 362 252 346 268 280 268 364 276 312 334 364 236 230 292 240 300 238 224 194 232 322 334 314 246 280 434 212 244 182 404 332 230 162 334 330 334 186 186 302 212 250 306 232 302 200 280 286 246 360 342 216 344 374 240 300 110 334 314 332 276 250 208 360 284 320 320 302 346 320 376 260 364 330 218 244 264 324 210 158 380 378 388 300 384 338 150 126 194 224 272 198 342 342 186 110 0 384
260 424 348 404 236 366 308 420 328 438 334 242 228 398 252 268 458 378 362 306 296 268 434 322 300 390 384 332 436 294 340 400 304 358 372 254 398 118 336 428 352 310 328 210 298 350 414 208 414 450 376 212 244 292 306 310 368 340 212 320 386 324 406 330 440 366 390 288 338 364 378 300 332 350 430 358 424 354 122 308 414 344 340 198 430 412 464 402 304 314 392 350 312 280 288 308 424 354 322 374 334 216 318 382 350 370 298 352 432 294 220 412 374 138 138 428 388 308 316 288 186 300 432 336 328 384 0

17 18 10 20 11 7 19 1 2 3 4 21 5 6 12 8 9 13

66  94 67 119 10 73 5 44 6 26 43 74 31 29 46 51 50 30 95 114 103 25 45 32 115 33 1 23 87 12 17 69 98 77 53 100 24 52 18 20 78 61 96 101 82 7 27 8 35 120 112 13 11 34 36 117 54 37 14 15 42 38 76 9 102 121 106
71  45 124 8 114 50 102 87 6 100 112 4 9 97 116 12 107 13 41 98 67 70 103 73 104 7 14 110 99 10 89 88 46 78 90 25 120 63 113 118 28 91 122 29 59 105 42 32 117 74 121 48 11 101 115 119 96 1 92 68 2 43 20 40 123 108 65 125 36 51 106 64
35  93 92 57 70 125 89 52 72 83 94 74 46 79 61 15 73 16 84 75 58 96 108 53 77 47 31 113 90 2 42 95 97 8 17 32
124  98 83 63 54 41 10 92 120 64 108 58 78 57 7 9 26 107 53 104 27 76 82 116 79 125 77 48 126 93 71 123 65 28 59 110 69 70 80 55 5 49 113 75 106 112 84 6 94 2 101 111 81 60 91 23 47 40 66 45 0 8 42 56 29 95 30 88 35 99 16 33 20 121 109 118 114 61 124 67 52 90 46 1 21 3 19 68 43 74 105 34 85 18 86 102 103 115 72 12 73 87 37 89 96 11 97 36 100 117 119 122 31 4 13 44 14 15 17 50 22 24 25 32 38
107  117 63 4 45 67 69 116 104 28 46 114 96 82 48 26 47 27 49 50 8 86 51 121 58 95 55 126 35 70 87 56 52 22 59 89 81 2 78 60 23 124 37 118 71 77 18 109 103 64 24 105 16 72 98 66 29 30 68 65 90 17 119 6 31 44 97 112 38 39 43 61 32 73 53 100 25 62 75 120 122 99 101 0 33 74 76 79 85 5 123 54 13 102 57 80 10 15 34 83 84 88 106 91 11 19 41 36
40  116 16 61 79 104 52 103 36 118 37 121 114 19 34 1 112 80 38 123 87 67 39 6 124 10 82 125 27 126 23 89 105 32 17 56 9 68 33 40 59
39  31 39 72 65 40 57 10 77 45 97 9 74 104 6 84 59 4 103 47 20 66 24 52 81 73 53 15 105 90 75 30 113 114 94 54 18 16 62 88
36  25 97 9 2 103 85 61 100 62 108 120 118 124 37 65 69 90 80 46 45 19 68 31 6 35 75 16 51 3 104 105 28 76 106 22 43
63  83 8 117 56 1 101 53 38 39 114 120 111 25 30 3 93 54 9 121 2 18 44 124 122 15 17 62 123 40 98 51 115 106 33 35 108 7 88 11 46 67 5 22 92 27 26 58 81 28 52 76 45 89 65 34 95 84 96 90 116 59 13 102
110  39 10 11 46 91 22 85 31 19 107 124 40 6 47 120 34 92 69 71 52 0 104 20 83 73 101 70 123 108 37 35 21 41 38 65 4 53 15 27 63 125 16 102 121 64 96 28 23 30 93 72 32 74 84 105 7 50 42 5 33 75 36 43 110 68 99 106 122 114 8 56 103 17 24 97 76 112 117 94 18 82 29 44 25 109 9 26 45 48 49 51 113 59 86 95 1 57 77 115 54 78 55 58 89 60 111 61 62 98 118
124  54 19 80 71 123 88 95 16 3 116 67 107 48 17 75 40 72 15 18 108 89 50 118 44 109 99 70 20 63 60 65 110 73 21 53 68 100 13 76 94 2 8 74 42 24 14 77 96 30 91 69 119 22 61 28 115 33 98 4 90 25 62 78 97 79 117 29 43 1 105 5 124 113 81 31 6 82 106 92 111 64 34 93 83 101 120 56 121 84 66 85 112 122 23 86 57 11 102 103 7 87 104 125 51 32 26 46 114 126 10 0 55 45 36 9 12 27 35 37 38 39 41 47 49
27  18 29 93 113 122 97 50 82 90 101 103 114 20 80 106 31 27 33 67 64 30 70 83 84 65 49 59
33  2 23 95 12 44 53 125 39 24 49 113 114 15 90 91 28 35 62 51 63 88 118 119 109 61 67 56 120 117 116 123 111 4
40  123 48 9 114 79 24 36 65 3 43 20 86 71 49 22 122 103 102 105 95 76 39 27 6 23 10 115 11 120 118 85 109 40 87 96 119 111 124 50 116
101  61 65 112 109 87 99 85 54 78 45 4 110 72 2 5 82 116 15 67 100 101 49 11 60 18 121 36 7 42 16 48 103 81 25 77 33 124 35 88 75 80 84 58 26 79 63 102 68 70 40 31 37 83 34 97 92 28 125 104 62 14 21 32 95 38 108 1 39 17 86 111 89 30 41 115 113 90 91 43 44 114 71 69 73 105 46 47 126 29 0 64 50 12 93 3 51 66 6 94 74 96
21  37 109 87 17 90 49 98 4 81 84 67 15 18 46 47 42 44 68 41 97 103
37  54 107 94 112 104 44 59 55 97 88 37 57 106 120 108 69 116 52 18 56 68 35 102 109 70 12 39 110 111 16 28 29 123 114 14 92 31
124  20 120 35 50 51 6 36 21 75 24 65 93 80 125 121 56 105 62 60 9 38 42 25 66 71 13 45 85 106 68 26 118 61 52 33 111 57 69 124 5 92 63 90 46 64 83 94 31 18 27 40 58 67 70 114 126 72 28 76 43 95 99 34 29 23 59 2 73 0 1 77 91 74 32 3 115 116 87 19 4 107 78 47 39 117 30 37 54 53 104 96 16 79 7 44 84 81 48 41 55 49 97 8 98 10 11 82 109 100 101 108 86 14 88 110 12 89 15 102 103 112 22 113 119
83  21 119 74 67 12 117 96 109 124 60 103 5 13 85 93 102 66 32 108 86 2 113 4 3 37 101 105 49 80 15 63 104 126 10 33 14 0 6 114 116 62 90 122 68 48 81 41 106 107 23 65 110 1 61 111 31 36 79 82 112 94 17 83 95 19 118 97 16 120 84 7 46 47 115 121 98 64 20 75 38 34 8 9
2  66 117
2  94 61
34  75 20 13 23 114 24 4 76 28 115 33 30 34 72 10 11 35 71 31 100 101 64 105 109 91 36 92 15 5 26 19 73 47 25
102  26 48 90 102 77 70 1 99 103 73 109 114 106 45 9 79 19 74 49 2 30 86 93 46 82 112 56 18 32 80 105 58 120 60 33 62 3 27 28 100 101 4 78 71 47 88 24 57 34 75 59 64 25 17 104 107 5 31 117 35 108 95 84 96 29 110 23 36 10 50 123 111 51 76 54 89 37 72 20 63 8 81 118 38 83 94 6 85 115 113 116 91 87 67 52 119 42 92 126 53 121 122
67  41 61 80 123 89 15 16 17 23 79 126 48 32 84 45 115 73 31 90 29 105 22 81 72 64 21 63 107 12 50 6 46 103 78 33 65 93 49 74 109 1 75 24 34 30 59 14 95 83 104 124 62 118 70 125 55 92 66 36 96 111 35 7 87 113 40 18
74  81 91 53 75 29 68 109 52 0 115 20 83 85 10 9 76 72 7 124 37 69 25 125 44 59 126 5 38 39 15 110 118 106 27 58 1 95 40 54 96 21 65 45 98 77 55 41 22 61 36 50 122 56 42 43 105 46 47 16 78 51 2 60 23 17 117 24 112 26 79 82 35 18 3
17  83 45 46 104 98 74 19 85 1 60 125 99 90 34 113 38 78
61  89 101 120 71 125 97 85 75 52 121 82 43 119 38 80 30 7 51 105 19 10 98 79 0 69 44 26 55 73 104 23 27 78 8 90 68 106 49 9 24 35 91 58 20 122 11 50 123 54 28 13 56 126 84 57 60 124 76 107 59 45
9  85 123 4 49 56 110 90 65 125
96  21 56 9 15 59 60 1 114 79 14 35 70 99 92 3 83 32 111 16 76 115 100 64 119 17 121 95 96 51 93 86 72 18 87 80 74 20 81 61 91 88 97 36 52 54 38 8 89 22 23 27 2 116 94 117 120 90 82 98 10 40 41 75 55 4 26 5 13 107 57 104 62 19 6 112 65 43 122 24 58 7 44 63 113 11 47 108 101 123 69 102 34 103 37 84 105
121  85 108 34 6 77 94 17 82 70 81 117 55 97 47 62 5 107 48 13 19 20 91 14 83 52 40 57 87 122 25 15 72 125 49 71 75 7 88 22 78 35 12 8 4 60 59 1 32 99 9 44 120 98 58 76 23 89 10 101 84 24 114 21 26 36 92 90 33 45 110 111 79 115 109 74 39 31 80 64 11 86 112 116 51 38 65 66 2 61 41 93 95 27 96 100 54 56 63 102 103 30 67 46 18 37 118 50 68 69 113 73 28 104 53 105 126 119 3 0 42 43
97  117 62 32 85 108 80 5 60 38 28 115 82 46 16 73 95 75 6 74 11 19 41 55 84 39 36 79 30 70 114 99 61 42 123 10 14 69 7 67 107 35 56 54 76 71 119 34 20 125 109 22 9 23 72 86 57 97 37 87 40 17 48 92 50 43 94 58 98 102 124 78 2 52 126 77 116 118 103 0 106 83 15 120 100 88 81 24 59 111 101 89 121 25 53 44 63 21
